40817635149093053681819284628207284513079141749812655269859357107704899849131508541169523435634299168
34354461814264972225748144891587132299236898019905386191630628261922473391956977845567147840935254216
96271162282455605383875449673844951598488107269440753151276347944220071626882758023542620413343538964
40519292278477810249652938448341882671518166909205741611051955171299450447973103694659619153145529803
17783367030005933299513829473288107618371051323642753269096810459155431087937123736814715476335377027
81338153713516419166992743279315078920563074824064093902782744999312899736370229026296905717456046388
36449419201847077118861479093153754308491232246961924436491343420271710812808518933256104045575965593
66520128836092555918969888380238109921956023359952229133214710059065231429010222683931582184812250231
28017766709352031129536209762588206450769426765138631865106060143127919724471829501689975855817817752
24667451970462352454116189470251901632721553872673853572161415266368659665069720043266662283294462968
69739678224924893724392719949723867025036406240584905642818638137731354704739397127515913159205970151
46810035569961285469558059413819319881336042455711970891349057728016080351662739261415468613471885452
75982596968302943785168170628997379915884070548879305427587308885674052571850088302612132700733811172
52867120577800011342470432979512718550627241189348017318447515312188615759317166507198617282942891275
45723328482397288028684260527961967910698993069302090043654504358462677577782703728068018232055584195
88592013446825455827823558913388553393431113864406298054733520940383183911457225859975586100464382734
13690810190564010291492679248868013713160807669477935453838823246111282856851777676905094794642207074
12339421629623798567883522952860929016785868020709869031577167027918680932006999182620178560224741112
24883639831726410988333092022947553979940337335787461742851953622044020943296694102323759802643440111
25638690453258464153867878903609514243036038566855719838678238336852764519165281313399174104677563107
79736429905658997291195314448194666774376543123372655714859170195171059632445327021570019934642388607
00362945877576801087871195970160239698019908997761546656168435317717881092074633510664305577080657218
59643067363222522916807257772321918150555806729239517268865652919946191072301794657454178861992287382
94560801790114558928101585329692093112373564349390929220322775368100745465093329720980371476181287183
46873948702441135656474057394569129898096918924421798390026210432089327699289340868803953738161109793
77034178836242660169219807913539478932155512531845961180183972118944630544801568286139182462118139852
78713732960424622888642905432241100629454263457824669075907052440671590801271198956782963828254694795
50560183655045115829630825366018960673806690138139840801040916613334367919890502721666832178148468947
47183365693368763534915499429801620538002101257792768475524592517883929376157974891065998011680753192
12436126632164302818533614338557182514032270337334096259213351428253766413594968510494394172896882355
13267901840111934564626059010507094955808725478108302404192833117800494381977125775624317371683111193
72390446806831622309295066265158027467058985955398179012465676864507812193063104515168580149723814075
49639760606916959719403624505742492177618225665507806417199073200460034359600241069215195368104449983
92139515571443874972868065494405203244415289839879136619668208494240615736568874964823946522003299592
69993627123762027090567161179574457310478300644747840778982663025827073716994945563079010237237017661
54143338770094421437479332843953999596160897171364696567855879937343739295799966443285298943226007618
39816644300757345699879697159136933107788741174832179736011121435837856542611829163421003607453777800
87087863581433973015567359882501071443248221614427935308179191169416683517850976942574628416612396350
86383340890809821029514025168736650855083613909079459528876962962392749563811924867941049931677882290
57400214052827768064687662474184709100054316715497056607556710654116061058374429670989523246868964830
71048108335369179619874427584710007417279031022896235288732251870369320704633354561427068808382720410
99105689793376318791847544371972864157012674280196729727702344855347833282147409043895907981267931298
87823889883629744914424471830329987993756773498936494821750236212025146604087553749529161832852093370
31809779800155556510036483965228953413386574714041379212391438791082834644655167111259085585957761861
11995681409024499080275132477617687566394386396844411626069215468040028201034939478603761898179258161
68438669315219392588071612868688842975203767125891175160432503756841484433691267554218813000739056978
99412022181462393538570995504694126080471698868919138721139262092156889351416704983610210332734546916
13687172213599469771868858578985201507619420712425098163221308981451729650624876638112040454990574559
73065518053921232916555937931860099776595428901026043699031614974860232985082043504935797712935157318
95134687164186944455498698930224017448417425042296311296323791563240681184044656235044755907083392589
81125457567648054570141170140770646248846709269626202714876790136409120196089567913901901717509754238
08135561079152250558433519185406572114355864538586501725922604817026257284236454975308406653909399199
39745382741116796438931814675340695148998290274824010567582022490303202843660551224919304531739412325
04694946480823061953037404614809014958868651854558729203229620296700392552472285919212710211953098794
31845186557214590402121018892555667098583764702726868101214208651001046579840951174885032420204904845
10132544065992599179075684800039652589571239164743641078763228593668393048911644037384453626583035824
75372322179945057800845993304387615266503962310705895522077845867664423358714111874520578991689291324
89189200488063035578516019614123303918708309045468215295918011055793267200545986837725042662844326967
59139251986299033887550603465215170795084089644577506200356760492859717853701117641329456557741554108
65697675507076323243874537740454506586437305269272599578475883245943927881565123601395915068615344678
15552937574796350093752904823525334069978172153002625253645901146075787108592243207464273013029928192
77883137797419478615401034420616295997087601284359400124524392148581693289246745167693958001598284027
55998296561987628095848078046805298769636988242367198889629072820960747920960627069106848126907565686
59242960219634155031288101534909948622914664132190568596735531983083292411228640296221496690184385702
84445178517529289564625675616801813676391467550038071439864739928810329022596795576374800573772023151
30052524301523709430289887451604314801151600446589438023083204748609800587892856727499241238961344464
76670360229626743791712800038362516408160529516250074826914212351294195404207060317402430125546246090
00650665123445196996271684730467584892444448013739689306688597409673904106398321558980460196528362512
34948195153358776686567206160390643560573843812718016031886972963591544938447744002364472458381743640
55384533105514817577756375291239683000227620044645903888964137764219033887445754401481132803516046891
63674778883944671629976042402275397425211826153520316216712507489559972809559041688941728864330086574
87798600738623574368410763712434501764564699993084551537849874529648403890669202621382181247748035362
62455819950013878457976982156861770457058997524664156710757869600653672058912127475759847602037407236
25757184855571758235367378184899964650175365031206041019538147002945046518047666439656253095381709929
04703601677883027133558272714744667372748045136859056754565483286862859093770457329985778380804912854
17875704444437061582496242390239831752265977341844094762261943253501095714912496530291943143072805668
95376198232544757424109130228137883685614889287952651869794871740591432840923667061830009487246424850
11269614329503075435786033705902636532661250172730457162495423407106768352284944416062689686093107342
48690596489426740843285260123266801925715064609408703944107823798047404018915081354315238466038091805
97843648846754284363105660076067943546324712715883524140422513871524959113211352859794645228858427816
29203112154716484323093692718444208887089967506590131794286700031774883529022590369404916303608775073
26236324267401647371245475598871118649220073577618184941947774623851971251845995537282257909056832283
63108325519234252728876398061985530483948731294607846389757914499282030989105664836358995289850445329
07628933979965449932276553436632147373281466256923407072330693355278043819010908257314744474499484767
22757109444655597299855710124923975315906133388442759946894519624662466511815821922175196502541364163
55604982352942183876513919987812832103422226746402730660241213885596319494988198642341708183749894811
12474815496155656457258175232497953947896730247736952178251318405606973209105164897033474583558946051
82074842553625354758919946329781303620743785979419926331234997234857813022937899573200333838207975971
82083558195153725542694320710007805392228361483571486395361603758738925091360959218517606945450321372
02789568475086201354212232306912785843238653730144800595385265149973252599938664961673932232336402510
99048040838315820263217361300961456685987484758272503433195319499396239431859681199451431145310410808
59658662952332970369534678748438625633434026706928222261928975021713376481359319674931005489543210311
52920289093973208419677809898329953658905406158002957234438961166958279201151054231654233754800195416
14253236933415437176738366620537155584915866770019304060396574959154088077688552629681156147237330200
09478501716009124757983875938055100192607796397525197977337843224854665897201354443550014698216005649
27077244585889348974471227906119969791836850524244367796493737861261481439026854400894785804162220222
11325054074349061135735300135378057045293928891192180911884587328032203699884295859969730353295038073
28422160524694665181865942608454916652614838292213341959891390221458522628437387492442457196066041772
45893670558601388115948421608183359482522197009842669110381361720255638766592823322360881103176485339
82726794784302842053072249595827929817523264073404168991561661600868984622747090856414095220927953858
93692512346007408241084392347279797273698004755985005968721845493945521062000484030298304817893419071
36031000630232393083578305627999890086979658566676584738331770834270452246377870377354119749444197951
34414442153539599149017141820155540911318623329930676509477243511408840087927983727832850438164293074
99289569415477875325774803247050960908536339472533939569379519260361823379456562961192933620499879961
71446834495970653833585312645257119916768334693460608169343018630446806057405451130552100989717559506
21121635104185652688262206343894490789973603027862902400420860292809532729386347212150230257759487769
25150234332463247134604945761076266201727798880164807982787686377038712393427178563439899495140822729
85232334337188999604230059022429669145842369745128542135204849347362708392681229394511254349321251454
70080569030017295470870696956736963113984123658730787689758980007032259688522052838879449419716920896
87472543651216253865815270416440301469214677418108793513154283981890818687959719610487571694424423878
78920461398235264604800166499942379800428381057886938435763650626853646919222147129949834595533700952
43112951538155430629947421593043196208760222920508354829948378298488794069078605469010922208953233404
68290611744779982157142098118341829835034226090392813272117259187555828020127780212259827902348265355
64723165126131901872910907210634709143207017990182175466290022339194115197817730700178151044211155625
80191828314685597873301903287474442288903252650619809210391852664494282682501434339423857928215326232
95239980131989933934234803392473565597261070896477664768301418536999610363186992837029839261514298638
62321603684408347181639573522387399445771973797281992381291518633600030805435608394018129542054192152
75803363045759288185660530042578220368952263756720942799034560654287695434343293015023327583414995981
64846340112231124826317174717316913784681750246723134781591472214435603027726409172559178652348182759
38846918404710610085828117913902420063425740379054643409134143868986203707952686087842170879255367143
25249736093869317061448416402168586436869081113013251088201399806342851294856250033626697599654242133
43641068264759657458028873878884898601877563662887312901626910055302852217512291620861605391857376959
79302271657898730696441706224716856843570687903295913533915099073281097165813874698940640956515741949
63312863579083719636241193008503368228721747164765525914660397700216024693096121997747185629868214569
38318263438365388801737442497339985041797706492064721229446162122497985601082275172441277911726275832
24002758813047001784742834274656677377674796473891633460439818669331990652192100275384726112373008876
85127749954093434530941023819772140449916085189841942154602666797954946132682108798314461644945663816
66025595535249715848029828999536648257945697473307565905851960131216623239652921727313097161549918007
17005537936874152252632087332716887088437522423858991271081197673597990310579474863794335083386565854
90245655468751646206796206309245366243330779993915594095363448187789920807083721825369872247299656715
65718972247937267106943704579827117265924744994915502902952042621596999061187501949525037825341623271
35639250204664955893232710177126530583289907346742516325472490645521802445480171955015595830894849142
98616479586683835037367501328004785195940298634091934449855443702260739069602797621317183510791198503
55567335570113173986886101180924730401591696346656168987997683706686925162175931991916473816754742380
47751713679292257262470040922657041060713811240227883059596909659194724181327516712386578451038710609
47895626557333417618243439878628964473947025544171827643559555148669753106249145193735975535928501810
62192242073307465107720305180852464537517161127875791473457069077545903436459908864273280762171149489
39861488882486597320032063427650684685037242078316399392914589465126703035869065899798535944435946537
82191099504113594876750185743730910714339207528705259669175782220451390578688255917891128006950632848
00276900701091922171885913721333347265920406466186142558992974521297671445112038533432538937124191616
68608008716731892669934706243429054121723590408192679666820173599104738093925380599945397100294177189
79291966835279267003397376933303114068415487404813355127431694469054685101337256730895263153850925910
34895319253990526649969714363975476000712134124147210594975500666152136875300013033930257347105016384
70458314858917198822305999193155273366201193864721259067484028251404751131050623240151523852599007496
49917619565808550976900658255530163247235448097941893692223198241474868110788217251064676477842607741
70317444682895339988732473668557823289748241554780517450917499911206387864368331390065648759512371040
93485381037772634539168877638738511053192604378909700765764668217708628651856124275556289046554680986
11688833383213464375596749185994087642476891800871573241797897364701945577973746567146970721474443650
64268935020478054542330060832051128640330305365758551018505009125243312668770666539621062257549868478
73608904475719895718826335398001264117915193599340551852296858545705519566401177243195230747200523329
99796123836766456594419133374571882661456045555059871345615322751210058273773791184341451591557794856
74550168071853217957573551778987168785455119914137390190340724014041514663089905006502342064353929699
26201012995995215712424138363379287693600938400047355290515440100714385643565525025893448519400784408
33323667843993780006118014559230974611055264728293535964799667233755642773470499240155393592194370746
64899198251174243628191229255732615642925730613222272005709242731523174461937471603716352443862877718
83332251915913746838611340782119374832555589404271854325576426770860213876048541559076135646124178678
53716797732901189213906769657631729416976040982475941604163770396317899681629829869709798435601223699
70400253356361932604020272798471520593476717805065746067665240966632794461028248391059344619292803077
20016852961798607840251754396183309794329538035306749307321312766626753429557081125792712847585332800
45218240421285904776407375064554449315884338859135392202747137472348691959302129588022493203096836156
09462457420365315599850347762317572690064389690077106431134349844387240154976433556573690347954128996
83155258705679777127167239217682402155608164434128279639469943841917839981721332950778801443323801008
60038368789849833460232592709711142658119106508916677623175678479464221984970304733889258039429552349
08020590743472404791892646900189945938593214325008683468806375555388656890225915803714474531556325556
03539293606451297994743656145367293306866256329800669952234270095177194503066570853901539197209015588
69751738826605055386345736228087845791987815579921796939829371436403265681852394753687253582768667000
83582088625684198336166215023101426889315140814935394456896530167021209634423606430051451495374914607
68151984186347399595822025763491098848029371019901150252345871119119267897068176243986931970314046046
61040942612805300962753665108415829624313662920858517062626837944886800697579714838981799813865630067
94003915520090649145744304608443375415163179420421644756516693299540659655147558706159692878261420473
13491564345297889972423021346434048845563650635100597585805942311631944924231796459790618328266388473
13919655505077499538020741763372916382868053123603671663471049396990557992656621255915606767444645031
32079975471610654945493686235886370056594376153073046498110194076055723906935933052553970706757356078
99301910605627359400254100418176963860270787918115110364692049947390096960289145327506135716949236196
39200354526733287927793948777617136843893975120677881402680018755753398664768682543585148523155861859
16650408401151109427668526051700879170623395258247725280809973027496490620359717983461314200729509756
08561351460729393178308175718340593855997030534615651958028651225082172297004310229433030038480519481
15245084739317444069576625624743356357097545765439313776682122042320194687993682633476135079371195804
65794531064292159230882490234713508835868419242395308992908191959590544522381798511276760057282418395
87305827809222725296503769084554520346797756667819536971737156073166172061647483841665659442017444177
48119777565774264707285003491021546828285173687293251975787648162599501128267700503607130836592839769
35216672369066489446073352762951545376184785655551305856245471660198577482782166953893721559474583108
17591077064377266305055602293398375373177409169059609392306742810531656955777435775853792847475723304
94579597185562199097907666665631597177230154767455274526268551493155365210021541618319498361610086547
53283554606453337006523859776142846671144723599905346568472476657110987852019641274966384891869925451
85939714048673779474047520829881065886993773210389300502424871206767592879077201880925620723499376011
62392842164728998069629830582946604095276388094909537984772992410209374094429472737260266595013727056
79468659035980868560211405017287253563012173025054542294799704289661013788053187343843156992861434908
64550699301430287039020591367148894857505613952517671965008136883391297782471883183235687702309388754
57585673236093355825152021374148502779766850004763159344119971946338110083132471052879072234519763756
59809957105093344127260176828989857421891923466096817038390912068472356997840415317728292946128347925
28132118506399833051934755060563493312999823552309110316264336423275476516489172897463628104018361179
12211572671007824407507178969716349804083571371614696192766947582995068355391512605815591080745302969
36366837839907788626318605604210334703378068584157072873742980407401699386136623755099336060063922083
82285939139839298916131730797206005938545552218881865476430899217566329976603889205127530397461466668
17549215307141705108629534626628253444240698692197943676274089721348762281531245757277235193819118064
50479104822780088713947166079826942621521571775256607373953144509192467471721823330964159946342596007
56977613600416796601854971458467572575034888423393647340511636032946160807623417675177167638263311843
70742106996254159850831547370094889441415205749152218764289077268796290102899319042328546076125575572
08324146443607013303361603251454513757821605032846771972377856598482396095329262875464325959059658075
41515649363090990199191085048307659976446178241534340089606496513354298331001507834446256477603995926
45735461757586530193153192977286948560933237047662804893057190129402795345260136583548223929916888342
41260543896330999432541281481660752818479321001143129569061915293640476518053579217651471611288082216
00859786789312088033430092586360600605348579622485537855921349511097445776735883574010514030890438995
96581604138743118305797390845476840502072456964176186220328994123212211150053745942987151110172586260
21207278045280191440908065815628986726946588382683527444580725396565465047218573053023823902943782184
03901160416924990354392366234876302153889604993905070591387270602758031578583941037060620418511390321
46049381370027665387459285467022969277329305823037362003740681230294275560636194007845726749101479391
07156258296171208540527873956690976444370227723986052141400063130790169249933458540036960932511141030
98754900899564196558232140463946822169602000907608349245502115122335587768392357425408465060639669550
01657715462851628015838343590045934119964275280178078422867004690956763141896598595613955730444393613
21092133123707866183087420549775119153879307588620509019800846209464741004473252735734625220641887708
17449901894563804742588153353364476976890908526765000995388014857103005366120989126845943237331834804
23600837712939975661437630675373328844080274094881808205893821972319303936396982706285750926646578785
03300882266983330194292192247993410617217343490699176286467003296214165268711963992699731060186631555
33533996910019640529193018866263778753238710146062898488528001328024590197059214152798197689209444635
83686390866940919168548869327426756821557643540649795982917050306477855787007895041576292734016287924
28591349353984275795592462221444648809949447705518860807674477164706547734454075278834674954158310888
13304095275191979536557807475094327696681107518307721033613388864880824308726381169696130639307337961
85578117314013785602819271965408437932372623599165700348629218385501123989183413959133434339585603262
57247072584220242740679616538222100613694558862115578669954544668228036830619386211308828317603116708
07285478166812849355102539903281070486923929021096921651569867249311030705294775840099872431167543393
29418781852947937519999159181975103066219044209846550547292847153043607529917576833995142638229796208
88776876852788683119745694622005151388829893422979480466373362289816351234576968327692856889260937430
87175901326760879255239442705397413891503525732552963091279607530968496651771059411145109371966634923
71780795401776904883581902456344252517922063085543120116338843413955935402015539839772742281865268037
17638939956360721175077353463562467932435041538587071557406387414549075601921408855432147865806920105
29180877833072988881582433075485170466098162270061791195268345304940153529796131514861130904021586997
22391475091708311888578748368386367276047155767211597197377311697516445051227207903293497046845699459
99391143859550282287754319571574456425377837587452872453643309299323661290036766921201235721162456365
62406937633429080537019376883532599022279853064104168067032345864388972212532148453017448406982955134
91243851603877746551933318615644920853792012383024234483343910141888282305032904922689123232797771074
62039152611999250079672225155881811175877260223937690093543571449723674084032270155547467267071243030
15368179163280538173315589623100920194845747160999229776569583693888238902984586958864434083189782948
81773412420751358818613917554632843661946677111631721668003200099470017541331630879777887792775724370
53416920152480861984017174333951051854900981503709428355495990897902926445627263239740175605752865974
95422856141706992036459016090928460337750075546349213732148648293629013182613194970201172954897758669
56784316653362212175358204916384047498891160899319863665150573870306209006892810049325937104421536069
17180691081185264601140947526474843608903572029809532845677698568264420953301118847829804393774318695
35976482949460875874497978295605340945270635544570940963445445942197478343220868988376217972466957538
92424877007670943977913194984491538990248742900416042417610900186796642110658395375269287994360195416
65273363909866946948638797153950803259928128176454746710083879025133357420979206104712246150414266609
53607589759191472447062450565956429482850192079119224732908359559234965967475222119339471811644136484
53096115021285989152253070331136801810431817282007093160416019228795392800396463339685878379168963330
76310490981212428684839896527871950125832385275979282583388688234815716317957291218210505777569285892
31480527330668380414969107484582188736070517355829244957705829150724810595285070767213049782342530297
69507058212653371552476868684550570195422390496859129235778084212169910250590419970251025762953156768
62855948743817681911832833872490708710617839469079518469915473128183871310595144134320820399968394383
42038682581692973438688227869259881331748754415923208271778798190467323937759456619232833117986497769
62152540157799656200076710137162290130615486484832143814620421096093843586717818652472635690689604002
85430830205123595598837533435519869994620471050927423126803580862370004063796035813857435508874249515
44456316655049421030119063404738759962973390824464387997795059996380754243856085713195423123388107350
21485175607693805354999699190826605202319859370651170560014345759186820321314712930425960487422538996
69988889440285472296794525346718518191410533953830873143553302970094801419697237432975523322911793777
34274891999242916185249359536846021450605158680480314247328793672724011204717482802424846786918486440
26360072193578805647322214495228203313178807980877189389100802513189093978416590418660065958054206534
05600462739079976052880223730886202954951328092712349977414027236873562490660722258157352867239687881
93956438764146917105945001989499840998251614305122578939555232323449635100832293962872662567117805865
72596844058727271264188245336481566500781945671792979122495239775726859247519198966350778197690763552
91984675756403712082260943759556310130514378180844603176616085242141218005083396042936106909539693587
70403400067704749406868977606258251326462606919372654736003827633115961249468659586788555217549043316
10909349913710811602461541579043225281885967429632072088981446875950995732817328201937519840792432701
39144133891416203293689397616040507537974200968591014226900138254940583414547753863988589006053592460
19952702047976710154648794944739771008593571273682752435642745804152776903215417370495235662752152707
92255433470492291724769400983185163725380701163202727697316779581918789700554418719067325270197487577
74141513447696523692356346061176658544137721452448394718877318157489128307745382929086072169961753958
90840326373504960344740030696344481113091310054279013237602706240419619607905470159934021881839696991
95806633816364301261565926379268163909791381650019025369948972998667904633858661562382444293192186887
66756868894114986822605635120346144885145071025383417360465805747390350253885076396395385359541598588
72410707429848725881909952843461206456440747481618275742732725306222372904794886959724214217511480970
64344523615817883182051355603009756620240607770890721329583474923768589491355915615265924978523455930
38735165997393646030544583527647177204288668367807683211581232295063814913369512045508157716594170757
83162684278692835844172467446945415632674198101358032291981284572249264574753376824476326556170753025
23105691735805499438730137578162663290308200225499964272531124188913748868129771610708133629970250508
88007026197850501809074301345214870041322693200217721847444957417114951831381329765486418929689851831
53541389630311031455268097622892320310914170871685923991296752207670288027713435263896851599230014305
92183248646245972427109948518423554649114685659464608285481769114799308675949277291808863781209582028
19171116295833579944566455988113180450816697722104803651935444334977150649809018470335988754721653580
63193466860601308208977397971223977739086703273404281143445231462682027015194690887244630071446488441
54586771902354562295691186050051107841237989367572215875873868610188248634749690959823563754084183699
31689265246565751366408342122286169174323068878949443316584679896339550301020546641840285230756269844
78906371818057600707990710755282677835562006630055078869511790786090130721112276880504750716488204354
42492311700645067682215502006166681615372097232003059924781914675108343364307392347284146926429818231
31366191548670883822721304170709034328341569041365667121497401370716795296105213660262981403752910366
53892316410025971042118866118984372986337967493666578552032417739512842830273993933006326283516767319
25754409925767159157662058870565591803504636048330050655164806585813814846628193558657700543241077625
63411654030933961064703219942311350918965034502627713651762067399445746987990579180804169429720202421
28491614353226631962285831276787600713010735230715974787741716087579959799579781024230923707350365540
69433984698245062292897311221624362744359970812667969088025727483538710103330905250448778052576784964
09059804877436862633410572417683538978780131043989183209525499324210702399248814762193720789276754975
70231755908300519283558321225719833308644529714394092636583797833894199707717615086066015699714878614
64296148522850984925878472559798538175300895235213153487928717155100229920158819269969303337817481962
36653079691749592736189861149374745164604170605185268220430448603499288460321752096598010572523743960
14439819210972749807386870474972086214838027725365082360646945138282330997826229602207607806488782519
97422343659494620879525169274323222182729443829461844020435856412976134897548927970929161251984104759
64558039858032662582271995248887916702852244983748590048144015501657392952336862269111252778786372128
13696656168633842082027161081516346899680897707745062170680890685994434872623134225403648646871051242
55679973148735542011804328819782115280988975879057197350164195414099315726550525987291934495029541275
33814051057068789315004435140396590276389967325379297268575012891853755988320004741649072165252738576
51969537767224234569578401541538284555711827157511111225785998006466709620821864995919317306573599912
74011913211570767246091627441385545195084842240521396733979151804329977813458102966209346783225342402
82117144445499181743037040802128316883062412714084066948076403760616600108992455122468290780765173793
39785953991405913726021867326775903217913728075874545746797206149364303982271852051857664357367695746
31805342481236511307665309198227512539691814760083847057691043263311075444603141361782760973165046791
98974035253821533799062951449570102013435031833051550411905041978486262511682907688899766884322843568
48812232748259652505259735368676916030605855850161962363728866041220662358563181901757115964991288069
88097557753199170451289837539730649317159759937491128468589024465887227942260125016100024776270369963
86516755850189571741801002120487324051634903590489648427696460557398384491301165420163222596226272589
35430289411299078600261008929153342385067672355865357347210581453670752061116769492955418789260281425
69866991521565607552533985531704176575909813373831923317677267316962723477001258313282898219679249051
64875486546548243529520539421783206928883624001633512155857920411288761626141233642101360004450659901
40732007174025904616575319174213351758258892489313658844437027610797066793697114718839851939279292145
94232971758052953262310747336546866695227107596461006977267382379488949465643335943798531612065687148
67373067834344225560623618196541024727499922823671618010383959414223709437712537278614247186562007234
92611075249277794592095962739649719369788752450064402842766645314509817932579871246164103361312862762
84037518544395995792981047432470665454304603499607148696424632063917948755551116905088406453440985617
58611223732396156348139415765077021268428064833104545399406694987709080335857155661950891901364044936
57491951008237185628964132030772293227492040471964896019118151284444822756506753559120712142687816068
69491222936891999159307792852287749820291027208280767403680847448260026308606744527352484492060284635
08745750343463810948560150110889436588599318078226312567728081323876060731637437614016830146548454527
52289142481810926018851109815969206564831171590551685344802552501789728137678952749779277995352806214
71154951945639287220962635956417105084602764752412025282009232184414684528918677064210992627605945118
43738676705214288096393601895898821202417653463950161566750364749062305883049868167913149516005624567
97833659279674880788819052703096433474426448808459338120665934993115479687376784050691872099158599942
58532085767937416205364352700064942161699695926831667566037313435362966959417490480258660875370641660
80390521431877989274590291132528701111029287892959134797867036038279121497413649279912316633711632634
25958893528590243167763659794654577109031512293182675783557470309995893859145913922863309525109897515
55907681079449150468964681829114795495093919303575329125707708236336158925365771605510018015024557872
09705170098877793853602352021183798042327130747269535278579142260015747817385844531284101040557372165
06527038475779057632897698154249384039944212710576738538516408442536160651737772638095921965246846463
23527376743841404582345144721486537334214409478518960823977233415228192841881324166087919445252144831
65061260761649975767475873621941594937272430872464519188141728648511899028207422600013445857757770579
39594753903620682733641857915067222202953218232736013981376531027844816349660236107369013608860485610
57697627075849433903718885855697836863746570249348934065956205332141111794372641896636040852527138043
78535276271902472423740563467614003780740408746032635568956019459222532783475704959083019123785650788
52092789983225910093753448663753915393313266330554092989168800150809764841971222697080779301382486738
96922207653063229413029755582281799797356132334962547840714824172037816413333942091189772243419798344
48001156310579993734614813841762654406558828697836712176321461764499269175646818538510712122994706491
13662042363887139455248835927922580321391533035865206266466083144481835078369365206955924830410766340
69740687464230795524429476479247225850644897228155789782314366498295666220719883455374200636894889709
89968920066346411466071681918549081415654968200814326899293816760112538349860085253012709909667455739
47693891973740080629930786275667795202833902896131347469028853443294216270161670027676750726389802240
06244769995783287631734849038682378207102790578611815020774859732402196406968717710613304816166556429
16423739245872516207402260171813506311938727519136138796057387332550596884880585002674771936098908400
87269559524638879071254429709197481902336539113486553027103507570992392212793627432707662291741708036
06858017163004640248875851937656549465110404481306136966201722382691436831966058719520436044455717367
95940017818316781121892773760808298397768418600214670951538273795212858190536701637828734786691192692
27815216584017279061904668280920762258798558100779421835123939736923749247206984758377030108654682632
42890130788769095456932095849888887652535488645669152541083108760176631559308252580386235425697440198
59023544781613470223526798576218504537010108787853240446992826588608515929181943558212267869107450333
85107897265682854225438695677072623000767481647626059222018746842925905807724051476167598734523198530
78749056061475800478962777674239654693973874495188935729478954365093496363401524068356731276364236717
67763030213636357915936573646907704784944972246662476028093833432958493957403897106823016587319803100
62019415075949765471788496419171062056533527084529755329687667096386474388943625425109045933757561907
17457546406083464964449930058252468290761738470461303523699692751097292206318698283945570158250773489
85564595066179314132176310377082912395313489650699595455145750532349752675272437381485164548867847320
46266414556204100893849721912955873855998987597076340852537603039212867473509881249400663580016296699
40612503440788569065460833234943914958668634599652506430593326474299414519045424973773761165770611182
66819693288159960496542620967221297388918592425535844797174722811269640100875895563373310523271535569
97058956464004869285246392210687136091181205208338399206935271456293561830489637198093935152932852312
04213823347049610974712000415449047483679482847673076022469741775203929098159403743681830614800228610
31007089696480013619009202246041530287364352369891562235490469133238942890956935347614643348765704616
85665112703826410998693506418874565394717043049582702549802805851053342066744027868256496517600872339
95902633385255898690123889350559273853356867518737496652940924138421389015895317262012259297704432802
70130009719907232681040271432903243148214370313214977148679776189833514624503072634946214101691940337
89772777803883116858775926840466648777267735345669494822906827980513818228544804010240481874572523208
11318075330701967071291504886051473543026977249243195818177449127326553919472199545265239371553372316
47861630263032557086852001921457046735515764644973951797593588844275204991599022737813967184726880421
11783306687818325283503736330949001973510169201334001097653652961804034860529548651294587516403139276
95088678545217721939843263149983600967894142019120070445632878267596155032248538348565057811663323614
05791242645571538705011731242029868681997946097858051919362509990910969782830370517890418623720463801
99137187510850048833022788039811474734048278473457765015069040552675301957144633018611520699177660825
17315271535905996442079976314542288552524336034485569692197052760192804995848862128017292553770866773
27282015491504661517500514035328876769613053058631978487423503113908358217074190939409425860289708708
13742692930892249312205242365680534535939517170715942654272863295094585941849664846519061073199925336
98724321531264977821294875114414765707336594081459172669649290699384397189740954193684638860715548792
10061704069593644707682920002443917409134378527339299651002483691153649251687978939437147380223510408
13418854291428096316182521571761883167992568197913011245399567279168300295049580875434760790715522243
65805697571439557585577363272735078650481441535733736207241654655573982573644189957933765074232268294
50153481409523469909990715450102484968195648244979671727663185363412536087227470335416852995395371029
99710552687842692840563100112710114104586053317673460797580205162310700392760015072679372899754066003
81111136775410924909147028247978126416253899704186772987492184243224002975935600512819882553551416654
50897829248644746537971325244571919097366076803274544808667673497666053565590479656182359056401441465
84165308768107748462968944455637629419836356846436475289044330714165348967838328471085127839434114804
30159516348978159841316365898689003316023903767696012533343535906366109465351083549838305987013645751
16276106569025737349537738434856581535024123268802090382617067221292305602947754598764681587018363528
79202096577756950617189015466985168017169068091720833357297633759116745532016068052712440050667741673
05947041794585631593038611187085688672665421346377209125244393892651233014512867352885583168496306822
29536407739958323274286783008945320816791909732740132454311160706022802560430456197255515764487224666
50464903564820471030694520951650120149788011114985947653366582768020513720553865642536811029316629800
36285363387532925450335003529658263477416404670829013962654351630058462390805635119764288268923054728
00169061556491482549112028120224018701248356553971178854133686817713201717987041648472580480598056428
01593689700341613955902212359933793396741730550554837648742329301317876932474008992112279795382886405
36059539047285882850034691873683871383123140663228050787930360025361156021435411213938994487911292599
91756664814692325980829768137243174230645495971814034466720482607339250552816915991297841154588254417
71392756068848360105766259641293038073629484691169330865000268693155348169492905005824479122194009930
13013672440560994990784917805051580426263920914145338303380603347803521569253435063466670679265537049
95239882873032232462416596319351064510706498961559323720456472460760427274377490308948537180466574543
34742972008290582490509213550304838755791276635533763397652469489158976744565235165765553765423764579
41463145574999042397754363436997521635000630673395428512097438844844911469470507641614655215405609675
32811491496317399641298125745849816521204730941689392322262429662344673197564736835729319369926616980
99214718020387265968586517938839333424218798490523234087594590054816678940495284349218264737638287402
82382149839972434976193283671030229488117389414633697784670999139452697460126603861101517592601350004
05045993047132173803692098258595441632102621051728317592061454044137973063151520652117963286835899591
27587531909988015783639342128044500879129288815581065482529189912513888976463062744686725232047294081
76800265201575126252342625388633981992114095826613147785685601785189208535134794349381068332229136073
09271417737995373755977217413888503899127984439612841535264743801047366420998475949932802621210716668
79159537042650139900087054691528868357832772865086476760369033578737815786918135208371639469911787066
53994735562373878916661409629983731763428082130007049875100951927396403126025194118470319030428062594
70452428523881132166742182863027033977403024156997876916196595427910225913911090074820704027577623050
97169428760532953073922281651009858003607325353597081357608887583197795820307291127071596641911679704
73610053010454444878045989207007300403307777563962059021366274675395610947149219069962736386441390859
41204219177803250849520662887321083082462081739455967789905841566268407656534507274573701594080794123
10482864657359983510631696187846370335554002202513592592988354118815910427076762073018569386569424452
50513034528268743507455574901988415590814654666297157809737401257727047816785965473887642924226984401
01030245419751434364226818676463402646238786802429382210288627136706673585006077074815683809506261524
99911533577315923846467102226009717239857425753076519353318773331829679724654926213160798963898702476
73778467284967644903703374314471904197229987871912831114188848926757089537319047462500703256441149874
39862045010914312274910115873611112234174782110759986716613063099808046354901580334892515946680904022
06084276151499819664563864891211094195050310747507271318744155814597471814447156287503449874983906315
14211141292324917142338129890202463798269404539562378442398717039827346340863968830630551331631302100
75454232506525168771127222635071139717398706644084374887598631626187411464984190932582479714893481846
13581954043508915852406965550690347376542552229234868711319485385387779293759564601570121250946495393
34824056674959347007057386090787793079131312401572853358408667884383992849020594270693695607205876781
95081523588294435370954355149032403893117141552280372818759557337223032544472964153448482060905812867
06218490822676886170378433389107646991589641914392876861743892099161452565396315068961366592729079532
74663740614245001427127909227498387196501523814520130140332030042590506407474728703535393884427625921
86423541170255376278649790573286508116763833492601447646753004345908002197728437336174449848899530136
79760378916327453870277390138569497663917481554701571829306042843047819947454007962352235204663225016
04941551509470110577874446973729974663602495521430985486174267986161647199311435202638209484643343873
83847207450515575920557375751448283796966128510319544065346138731859709044963411355565006391720042684
43755674641665636587942147376012343616768346650182235705010056294326023733867932208911137829415425594
39819694779838410836367773691087214437140375173333934053589326985141051961426986737741730720417177070
00654014339443387005409337080517347170714518120910125583236605140745086545185247594953861160142805487
00188466058669126571931451618162121882070903866249680017341202939468000768353964681763552911959383993
59640309920691185851738111241040365507990594396295411149451532433509982234860360858678281420724244441
63343443514716190052506025212620704193038061022994924485330850826990217727818212500114571359836896327
07852739820139357562971121007840825811364405630474016434248285386282513900687468207171088330140386487
45303149638102786531417832700835376706198383897271004161041086705903808076495156042719647025616966268
08876132687599930785650027161537176798029556405631263039191734155363834190444224441169485196616031698
14608712499932418047991817761269475926752843476059837770871941149196405817069314799818417340129875306
30779929621801370690732147418947592905212570328627496234382196992969732066042927955393127926948595577
39927587682665832104391305698909359229139712381879044594757144972387850676993548790351976051747362369
92505240868282180891400958574561029826720086539559574061856891180195571051836486628140465071124217148
44805763181944923649592893117990482372189549547127776732571181555492440262933472654976750583606942192
53050158898431988759645311268096292062368502449756499585279100405722457524074134317987721447465599724
55647197851435368577369124488213663221330072310099066018409101498576459443116659445714406746209616048
95278870588627125156537951689321840232771409109689748682984470947636558644736560499667092905005855570
98274819862082277824543945934216448875039919175375706930527427867610880712128484680140989373774600768
41028574784739907328994139588978035793858487448341666202066701847150016105634285789111954628164030739
41720464513081373072408034029166523441300517220148197279669353844329259637295753634296621200057556280
41993972022209884345613364498729161120040628200092869898990593575840874104484868656356298957439621084
46035072572330292779286341274894189419360003677051714730569095588931749843392241238872200289687170280
87292290435545476902133267394700464303270856587350003427984118947031220474766686225683951320117774130
27126216550420070416459065075558949405137370344187325187830268373818169607755203557762302875378501351
35045670039578580396092637684120384118282452402906504837002089527329735280327194869414749652021513177
35687760257154810413359612987302915645181157791692840418313478985052069510599780030344714922697678783
22735491259329663547663855378149369576078080862752011681377546705734677146726306433699695121868516950
16961971099361579510718014902914254933798265892610106262548711590950469833905592705685902298383195319
07494870357634542404295654344928272411869948885222655262171623419589687443556806900853088116313512349
08434452523674082140860270168993359429188406630140725737110198994750922867464967042724490432189365336
57079219296974515260242092870060999115282676218669876786018309804343972999202033369329714252827072492
53147702772402250096140016446015556968629511466996138891303587837915032058267548092142119201039566069
04101817838638636836204182758457460400613794497611004401547822669349003256142862128971017044064892417
26301074029019478038719802899039567924787578084258797666723437292109079039431997240615388609561999700
37171609208311763167297496007209915731934844616564422679177278594654286550537755643864203818134360852
03066341633860091551251044767868922100630868735895947893250533599016585336309365967587966231937565110
38574158875385753277585806864129790039727842112976651147036805097157477116900656282796030806713776656
82154182886484003247205747640265658706729558714132385404996954600128905159504186039576090699636108649
10049854519504727955735522733326360738797327336601795909162059670594243480365355618109921209589179881
57750752039778594125918445366030004653850072967750755370092333173135594788630089102180329353644550235
73164966193474737335776914021126321306507964392934497298167239394709416976134074915578543954866734665
02356080176204612079457834366390626412457555376956618076186269113191413507682577153612624427223331129
77930351276921984810862422347577486497031186803958761208377792369585379440152012253566612247048950266
25792728582941404088117998755901096582711882228160949145780015533804371468770496750425788401777750862
76575976083383666214817222518542228798816947445479189254840226792611406879161191304021015149232456737
36731562787541738044112115769309364987509918834132342719984984974665742396810174555460714549174012180
33660477664840374864919343530752570356605636728628264177268617347160862575871050561633510793123245406
87393840712496624840986689342964647190657525154352570405847116471864254529358156885308188737940283596
75799963657525677728211203664207871742087171005874527700281550111435385185813618784580463106175431519
24832642717369064096038385941506213030903656601807046054375796097416870759692298620575816000482281379
18079421966103474964190423886925014236849235314836032611435389006224092140464284002705980994138220220
22449173522055133890660407793474432613291921943946110188662418996386628662242135232126053782999811774
74958874648824204900767343427476492314006498495859361681354840558369775756312005279734895331317792222
47895903522580065762706643257893827216183366122417094395285082438242838395871520141598802290350896600
00706946519746513460516594074910017954839144613896450682843982861121796441501997173638743555489503190
10294920983984384224925871770480191099877947025933958448568919663065534326936602326392045191146313417
27716710310348693583892223600752346138476830690913466809479657630505182157618873206444520686802002546
26085659417666999175377553147597471470029673291700716968345579662634635090246372490444792827251033488
18242039686455459358541454530913013870378772217694546553653843892746592400033569714440113573154043384
91439129962586452011245836555400768911399388991738571159144919912052269973307341231425810580059447154
91432779845588891085864777088681569285781903633596568731633230921770853368350968819880433904644402525
15692582795503099016311698486754196190425336474026260110579961600334896290982666617735291636109906494
71093896881136046027536167132490407513330449037598357557532729533116142061486678172625662245874830248
59102957013391747515811355009575058708948926888198715023642598871200716144748892886552250296905241756
00589160695300905926722018328437372520825982113660520483384937435829797237751468946143358722426462014
28168417600421464750199789215112746112662609163687659809166620279960808883403436817128441575900831201
69041232478880312093573747356465554706252817177943660588109165186932567678258382256593696725332300755
65225923908216733575380072453771621333584556976871586821961548613319743028713177409310894878051351849
67832347225908037843477578471652474014036763853097245806009255478141502607974826889797706817403937144
83856696853038614080704740473041666846092531913743655662660671846494531929978064831539949582939393162
72631510539123214228039561922644022025490817000870919188070085860577705088001422359377528750445733219
18196464317078075269906642419660248734978320292551910806224724780487003224520659603367794148238043783
43371440845136300424120358345200425210291120820440596287210585966826283368031561105989036994459418701
72301813482120574827777510851886040207870910786380135637091368608819764406412482058822473406512104039
17259621584707457066074209423156098109239821857622760342924288916823577339579328241752568389003527244
67837959112664709837402012736823203409157444913665012635931360376469258979386136722606493161730745692
74026380158157827932099810687422917877365659680336935113867152898352329276151559954674863113861237909
72401275588238338021839511646523432564649412575964537338320025790900667570770445774765147347866428198
01281981655617087872951320642846909241857171070868465927732681494342791531065943327518939983015926934
25656831988012580021491172466810193317820191353123552004574024901554613440565623555041179422994135919
33557658051795380056371619179000703295382179848038600955098406532798864601451862741242754273125067714
01340391822848934961125010212400925053253950910176670820952529138853387917928712775490292873433995884
78606864116233575982892700091783328680457632498100090608174860886855423186777826050606312727003315960
73814236472628189255860342607544042699382104421118782236747218215895319119965946457412951719187607696
82020753075205705980148579156188699249729733939432232198126185134275908772044689364807346677098498515
12325317324851987132197775311243067643754785427925263910022614450722520305729292869341120408691678581
46468082261394145060067640519312677283969809032876299786862329398655513947137782846795338235955102333
36601621565363689157897486556936024183603454495196186563790847742447196980830513715676946075842422729
88757668739817559055297008398340836225099149164374583356984346503060199794552699617569065813635177220
32546044669332525166840232417903518150362691318148610661324275368038570920837041503169212126302396440
37835693118907076735832076983739189202439256418804500215784359165650865313651870138089809328167330105
04935499270343998576795556968142673263321319762414780216457443159848987006045460628572210592992350783
20784518577397249596768805493531232791165618695309363785719761830844467924963400223109474825083565660
89698015901833885087172877475748372860985058058232032398020153085923030616319951485932371650161641829
39999210178923598696680218295238797436135176019372193638855615326203355408800343234413810786409312626
51591719227850923266328547641549315805173186460938716573229860647475151008090709266395145190086001553
65625983870968712253792448658853093609094009872925987410696964291115914262558310725395111606407884435
46295072379652449620569930639842469836045101350957496699745296250628332566308726704447213121382124163
33079521557456985284305139841993966497979790471427638040964579167110792224872993981826847932728306429
85095290453580807842581326407013808055305904048750359829983755075355245145512575332451740620206339150
28852865003479588199078031483733057588619029218453797893638055438413926952125506998523027294551736928
75660761082847496668552469677289606620582178419659579771600504024599305971832010519942904665760278437
97416677582229930174922269900720870944049548798801236660925622439353447732821941102458224247105888441
38932759529898390525564772683571001748282588299950265662180806262093936496234426406189415268488889394
75661576676275143545191094244940907647155210930379714487266017130127033824122352483752478400326541440
39436141621418090546249569881725790376652527404601643032991270921823537472753732911242570283273043611
89811879803123284815741784254850912149724971137095517476697546344243798744161927361007036214950749985
05983519621662419189863956803414836182301856774058751949895725754230350426000449434325589562250557426
71362743440198608898273939351596585524821522396722964468525946595561052619535058994463448554098727540
52241431063846568397782858561634188007842510236566291142290709228483086743572198874034633716766456018
59146230252703685495905214465466910598276687906305051021002454532125601099741064270816073064739586752
83283496907028997945533982973124031983494404492276292119392573014535159802053842448041762404963097066
63241075814290802796942673483827009482246607399982678180269203898868191211267763349646874543009762363
19540443253235269056590395254392014119114751256560551615628089852801854981095609394441697788629415073
00314733791459080729464443627652445320486884320838296707882817023752034786873334683102932200427375917
22693040249489206109002179925133991109918154918282429601903465235967069620267339517852860904838581435
76754965451010737842409822630526454747623235896481749571294253528414508552827478492057540638346676536
10385333992602345550953081456972059159846018388825458480060707334692547871062806609800494913333427450
66326731603988236576487059685745927979911403110556476885066335395985880222035715203050630623182917079
81330652567656084407604371971665663340393034606127754902496620749005075281954831035619523830120908075
98573165100456180317372601460519455097854633942952873351617570399831549723173598847287386898786442721
72638455298868926074384058156838040319940018849743344788438066701718164167993622254088461788372555947
68102521190766586761437929808950650434163704918439603272056046222874973633681247705178898520348066819
45296161710557600454052330923762546115287627007906873671599014623783194796019802532968823631468159655
62959781116269779897485901010036265178019122318987789856530941881692984861771752754441114347580086921
05425525464740087934865718005272535587155852359032246779549574413535253435139282139583049890212431894
24296822240403006567154004286373654485403686916233468770009314598454298166587142622424327289014481778
67927010370276330818386519659999210136486916039097782083142434058333497046188688248926341630189705779
34994136554073456478777498133719362793334010775195588815158023996688577537990488063356318127481543132
35995289346091023217473536307910436836286535424856087026378555912062727205327275033776612005461304804
66479462847700056968077231646653124680382919704284707078797522171763104093441500751609733642502398509
75712026094048939580081745179415739894559312123020811230348433209419013007428623729956150863178077508
66302264653316900618034856864010358639144244831410136612569139249899167635347103577990789075203962052
48043454104582977128299403018737690872378724751634182486510019821972924542308711322357760444359565630
86069075819204914977083975326962791149079415181672059883179421021068946055790512497477755350455222843
47378596301295437946930927263247815145867941953602616962699367566298142316264097910458149779945472597
94173432439836693731333916558667586276571737331190450816860889114968910852358075806384460431837822098
44544928083248077552229828796452650368322274512794037569532393157768800731914820492891408077818505626
23488941613189263682843544599058713302375589548571803708078004175830100172757820765765513500943114099
47309829412779010249580970571615616450874004733532603922422538120733505296050719605493295949867724035
79347655251455602165332595990453506554109640734220298411820520721237986994602209560211573193624916596
02738492191167173998949460268790202171282751242173225638260608931958337923358247046819548337480676203
53243792758289845657482669482789821930949333582259913870810870819821991184485599865534018743767614927
94846623166622159231309056184051192894401869742656582351164712673686237643863065632973543451495347061
08644709715245281438270644413031427309861360403479388858467009574857959413681299637804152614045370233
01534629144750132016972287221438126216489407531815621737494893057111115780596463204196138754961201551
97120377409369382214337503985356314558900603908879981628433276306263520975266413694919873487469751461
26445414131945537565283201968750962504157699690443686066542773196734652883134093008665148361945498669
75198507367735605684050406633387255089278913243806380977052502080396150219307743717528711811123766710
27522536602014928046828508992743596977969652662770598878162466036167825660141458203558260871570763507
12383768489363674898565061998113330530984964567661556245451488767773751177630875231619880143681213283
76617216603822787132657793013877853280041624943231069728453221795883596598665824593787531975502850742
14580303305314779002652752355566897232998403468214808845745633882043657362080510674740892388359046590
18932171622486135080227557596268368532266116170818096769946085406010411554691197557172105188940642784
68786311981383002951638978723394308460736297268909267036656710836417575077549672527585266150024549550
45677361296445415908999868139150459325321025348017038491295040470342732305452870374252435241964391242
01459999101703875202359203268356241107261574119877476226565083554248108309633171632086803995566952528
86384840832038505035444255529940820893968660121739909661819810717944634821296184671731464786572935738
94012176094976148506629880698551769329109373988831453294445772031161820909249207845248493553698360608
03773052304151298679274516543721315340713444625074034715613230027762259193424914202254436934572831471
09456882540425449976427067904975940220311576786512577608479445676531001946797619085652599414446380287
46740139432918698246259565013732764485619804259444675527546382645363073322975144860516329486744744531
10980566044604060256004414029548777688883064326474477736492140507429107644487232851563468000610336573
84953645910536441269821434450631905479601669582318327814870802687711481243299642159555164662494161154
43563428639256779289754243735368634715150041660613073525918247734559082373857123489223006289822186977
41134391469696124808242844852256143192719380729886294731597331241171238981863225773073575278796839412
38976066380694719639045160477619426556381242296938416761214449947275439158904600566942858458740037621
32906035828286460303418009192132199936033493381389298553509685214802392664716566993374343603763398737
82273139445601319842319918023594509045979522882878990365400905895424864239553579486334649866977912124
90170450379604506775814213109374142388792484394138193284370742676388878596328945251043553825940066878
28838113855568166731642314416998023089658611784637925476664609972476315388754325729898920296049006146
36032804934918127191383511950033652901458748500636255015736612849118806818951294861299145962110936138
69685737684912743153685740955321208205200301359849351798287159742262881799634319808801030948148043618
46017867460815675742408034422813014748573405078997431560098208467780777938495086566800355829087766795
63455810334169937946185890318261763122955718915700858196452906354694598163789968880443395785933218461
59265894053908550836785471596565917782055783892095778696904145793987713735436547351911514221058454316
96224016276848424639367000732352704948058240153182831880556721526430723944251485200763889277348566446
15816855738985582197167115078615019536647989723376433746589268544076378505813119913194513012485900196
54126242127983742276866302445549951519276239302627578906498058632493659187805699504895159103579958733
36030882219903861462183973648021838566416006865663814647610854385199192916488420781566677608856979622
78168463617441897575784700865689436285876390915854347879214407734991141883931696972290225249179319545
91348684027484349468044875745191260424312157117276972925515293894948919832749321277322162146743255068
68724972131735521823189816712613740769577136989334422348891680604182046887346702650079917619093314925
30190168881310952532599833386624766628376282721299303990389331373251249558245689571252816252688926707
47455309638644693355038617693741115419533805222744591952135239408366511572092345098900948231364264928
26114412260335722107493426727108923487733354415165233094844414433903990236338978137025906834108404250
05994558289347199331408061111208992207084652903411528193619696329466250915897691854561342390892977518
92668711096971880081163271226538957918433513319288602756952806304226748086472881378463160941813013280
67100315719349772957864725490862818375423696103338573854711306821863851368814354552414094714099393017
70071124677585342887047455563047711645190687117330404616759359137824419325311389227302017895129688097
88663032969212250536433604909585262358071937933728927621195628911860436021820251532131558488620839096
32221393251214466484147549989688190963253846881763488140275842659470206508403136660946981642433502342
00140406354840026593757787215384070535871509801257407907112572177272306806204745263248986289583311543
25050552125263758082128467340633010863975208454266876922045607258518119575711886196318585711189218605
13087300875241197844218793838168531714422481351268953276038366885266509888747449911850068544639016877
76907449929344950324872429688236884925589292746472678577474626178414317448075364058973403004702134687
95051102864518248082139465495019129564682382636015359438124658338653427431653421462952834390504020283
89965347965193228883954258489497454812773049378542644285539755014742989706652115725572661845737674598
47914376451553957131980821949428739570151503470578864282123869519345769938441461690741012711075624574
46696624735948994863778351095556503957671943396424630934907542663820670204037748210715244723865553450
76632357260810986538438903381264625089255740213903628157106971246149927245468265649367943144971564951
27733174159739035138996386620758409061467109841193584512868750820386077789463810863746778588095836199
98057848269428282257284771861532529687485713211509737907236742933662458516608948276350807927041472341
16219358802183836515235730692547981654345290090641329379828191270387864297513967440012174121853818165
33780409082133301564124037000546044015180547153121760734577727343100921031150961874937037000455120040
01835055746157719280312893487658802659777137194649142227988147302055677833118207584990979926550137824
88001275534156992873471255333770216960589520853423225332938586432030017858159946884870718467555490555
36191093846436838731579450047290444291285991679732815037609139267612780785442800683745598683710336172
27671004425523376346449229555639913736661900698307921711368000925690024031861370894722202899347005497
44544609019595081087017615828476556741646216646241576363067517333908351562377048984995041046049887222
25630523991220541326694202534920236772866609557976915099912125644420561364587015542098993259112687323
39142116177625292152425961016690607607056656382792087184433293098047116505843272772836718064448720724
14576025192397299938740721920305307469704217322844383968337276161177446455588838312600554440233365461
92257334995815282775588848062199501769436883221750168074339696985188817736754661844181439665160600263
11152317977814283701624518671136629126747207284566131339053867246253528350498375279405289586973456763
62591866299179452423281261137693457755211982384717469748832907757490986001388134762462846266823560204
63514494776771029602497012662235383117143198138130648776423947423694438094467521281559175995846692732
28044232441106294841616713373311805264870152712763873639727300279016826172803233501587548458202743936
70847709321967541474758455088348344237670567644020172744060518771956008817206357764523977681921591145
68002197863889652748472308212561439034697736754748607149055564351197016926279060136842393737700739717
16561681675177187508724358479649086319683515373310952939841818258254023060201574817650167859569941082
84047632663382944160243547040783179015727231645941935053313682497749175146961158118194863790783821479
00257948829359932389694677645216419743267625054825286100472916148709657928707420704267789605470568500
76094433647702051002514376869931244325531853659113156459634263799989795632511711977056056291305367414
55524747646022185340922450243264068727057475709430573479590183684886835938938948974267674146996805533
32532602263819589058637328903967125989872239386251428135936629913390735069867697809326606293280611241
41304773487720567947866668835883721825620112639043523072091623503406922073420818918800487603810732753
13077289144800811741955344303592740113088379367435708996669807123955205416175491273257174642004332303
64386352962157215975670935955881398514175510223531642011214379873544887116409164408789310461882942792
64331524775675550005483513307360551913397708514677065608266216868512190120153472578355943010218101494
70136062742571593359822916676480920510912867887057838881767614558574145741093930250862547445108488572
11002013883625027716517832241054749042723063211030700761894085200212025611924279831798693004411256532
24374195036788659577538719020568452178259006740634305376404913696632579556354628045206629831586739538
88093908754470083447595358080443549211786498008691863086909475124659056272454270184696942178077133207
06547962758192126951685014398345508404678368258949094839455972715022687362236273056268769641283151601
01361170110842716916426781309981162666406594011474284521708642891087862882829042303262137711010077003
46276222440762984042320754373142359930217357104475510641723795481977770492420723109418121091958715325
98860560297658589522760868875249887476381081188850505681386659970337885233501821375896044665825412349
60071772168686829784815967022872331853319103960090195535380422512904292744062069494044757743612184893
52765234573640358893814605473679525041466655305759477302664155095772470592640695087119046283525073011
22026660242770943408473908988350810793347105871857916160381238822923893891721080983688710954249431616
94038066252849174878584439343062711041765575779657839275682558553687070642355583727853740706265074066
46521877804682715632403731120612111994869889433305627425497279934306798476553955040082228531383678741
67804481359051577378200018968402422728394049860538155893915359845063388717700183015802939345203130676
93401427774354944566663014024473747222946027428940228079970487070724012563448299484847741934328054869
59923617683422455546912515617335282332886922163803937184773761812807568178497911961399082307764415823
57642178179451847318889816136901926127266377439553586071144156389106408103714039110165034363544953174
08955300556927051449553272764754626665402891972213500592244122574750205605981605543029800135191562125
93521826092948792671586118227145068182134821782625392989008500245414386697841630400925429748972826166
02870555280393090911045441642509454256104337389478297092616389323198142989215016268802726894410571433
95839731913536064295193510604876868720884848794169941509183517979605298312933043679548739433589067148
89480331062692335751114813145466878593616894150076909413500966177486440222455554597922031888867072761
09950867798253167382373728840525710822400427231585239189761052592495140812662375103185155759426534378
65560238484637759820026708547358281989304624976271247939151649060743214355675620576006319105754076728
57760168438483331341349414429192631444123394439428378456399067178543160860834611031800498272280468830
04891496647606347886528169559701133237779737919979175583497517968635760964573745522163637600733101489
24522522978627667959588719006890799171226104636382503227183345431201294629986584773119787548849420002
71985200401259543279698698509461883440994255203523304375779472934245979317351834012939152188717243547
00483862773083854884801141502588549150623258850849747848714140363414061567090928764691138197326432663
01883411107909814394694247507473114151628055553232457378589496214222862909147365972645925295368697977
35133609740941159147103799718472445004485297279838880911966103416300251325089945720474958533782782191
91253084822709968760538303152014162634196208134846318886874657999245753590103488210484850154827397896
68430500794315037679618656692129816086033557099431371932341101900691455524116566078511410887311971565
17042174250376144064931698750692442428411346013920805117180727540432743683168766108919663505229542715
13849945608724975122341950758879817985898357307331247536870815382359634297477562772909256340349102116
86029375740119662112549359622438864937106913912568269808820542511962259055974146046414246201457293857
83171902443833546791419204788666637610185586604879906368117166991505327693033488835148184746057953576
89063425336479962853771515880078897300163480704254026838403191069423763014414360975928401867804907872
14078703306049986104453092004380251863117493643773913196695724685930840695712189735357320873878948812
22521790057117836469204568499631906040027082983031872980093374031433451696851413250487559539055723566
07547380782774609416951772938089829325577050704824082442125273812241158731914055415201816136692548133
53048637090930588126868636213952948780483532269358168803869340164471535206674535902071483228643833292
39088424966959559831391192582520497250090030597869318088569200392995543721362980409164098202825455094
20011682843250133985730895030112988010102665560090949919787336184679148320287336628147604109681479028
58529521662703105758832362572921485972132366675357646179069426474130298436382390738223717610286363898
43108463736993466148136192806272892166290486762946702817670138345374952590431097099894965117232530821
45782363726782409237084345826422456464318980134521853921188934790665059555969553867836839554934214597
59660732089264762971466363958454199593193253595183021198762146846733661538398302949328079430349217474
40159755813278905966425612127363971768092206916545844712815417269964625091688697466409709325331377369
55655965796168850413585351333174820319461255899651872764795062922898140088183627870351079102819277828
13828073348699665381619303221080347568521974325564409173355742833584008554519830855649802930045401725
37988377160984607871916737557036499560933362290602759625620560203458619304422306648088358237502732623
80190639482860171633346791764619894411416711309258181471157732925140181867865446867667269448969441501
06482849805252304564434190514410354887858811826567078365321765936702969102469248162631978346425327343
07358549128206952367468475790933374039654809026966448435043126447990365306005211864342349573141300753
10504081658912616926718441053903496334429715036181132155672816341350563291886106116579218882213090966
99310178100599228340596048614425566213372074315675682006193988875005787385679273842590868371291126854
08550608415294630930699212947102653238070702597407922304919292719093405792764731901876502234514037013
45082186066536341433105176552327641380137370685502103829703249632069511674068600335698412074471459511
88079448445157809654626269530124333158117737615994881730674452707119297519405605931987933996262008164
70865681870796001674521649267709576579710499462960951897191265914042805417944781059973925623876907468
09860518264300889584571441319903716043372680187501389425565050980300969223130812896571083053514286055
07448798548173688802633005624985930795966157658607449680663651120593493213195573915008621806795063471
25860666483454694822046611297280659090961629822863522085533110995973149347543178003723404070161856744
88113824972223931095844412510164813342809550007715327918317115380021455477126937890345934010805406154
45266543924531744177736869078010501218821858855094714960674835151398877775528657127786245418707894837
17730044537046666015868421180715613308590136604571117283866080810090349436938507780089648731497395277
88662744241986704073123295202653131810377992898292912313074072512622156601091593051826838502343169200
41164995575197106392047869623213710868160410913517110375359358348442248626168514473230286872707883051
63704939565995503079969374780484186315753589951919768678088527049061835886553221749882768997829385455
08680237322551628358398696217553132616026629674072486638539513031696727492974269196518198693046762317
59676051673409366701049774360866319580579017067073761809487347107509686691455926668895068230122178113
56478465322665327860532650404800175514879525258867082388431520019238974915320621395994033142804760066
60000568167194418074270827033852641931618905998555600078022581475916878845803032774444918503169505395
67919697721569988536486421670842009643029065319197233918095815024015986162779315387026656292476378718
24653412281197679609639766536575540161888344036406432226284970207334066635416179978758485716875230160
37558632775664138436165415724471907216650957925752770194942015689055431865679661427325543740786722399
25356877965532239576398641954632800723538965187607750927708298416479005707806944873896223153184076073
93199609663534880270599690804231156401042198470965965891693069120733873288131234691102641291823543423
74551597965927363071667376452622500802887360598558233711518609495293564435366748642231117786123778926
66604892081787505708604074898481309431769902086777295864304617144987371010225408109170907924249605213
77478465856853309312555348165027168957317797312032089390980942714349229236255867299074358781186536113
97920290151397181632079756390357208419133722158266389398054681896656048162650395128899273715640121348
84256067802634641670727248411080544679433585707448701748515512052296837891003020194423810003184956313
72297183066722875059714953170163267665952340857445236418693275801237845665616884045656926710361323900
89228678784857437584080101993831136527573431795093186682064959218021969557697545264479027547000638899
67455401874340365802403374404499315422856179247638833495980985716854441663194259825755078164320138930
60056913941693008230806105791259422919552997419704899547554982188718410205274233004700659058512371532
85736197369989448424560705979679618867033592223066442066016977722238881514414478902102096938992083261
81327009540758576737636277512134702020597720939651516115587564542066801682936399451550395791188857967
09627029176812306032366084728115610146260008193757432666994135064493683922551168620181751702642302647
36661229117630170360243311180700865403902263459905172270417937177820065165624222922958499958007316213
73413829181673722890586740947185423182482327265221389966711500393329442469727799214978786587388678698
44964011026178505708544148524816388690599779915269703099242701342975193836947749710048894174723434295
90252269616385587402136122650446413626037348401327962344430004604062310409960237769419860036652690081
04751910662577350941478124916699962184958967572684899526659407592973468013335056868866963805014724118
94138941909216696806904546495090024497617984078629973327799824017981417276511543279524291450574368088
12891036819518747556963198440632949101815822111427302488416532220013981533423905577611147445593730932
03202493551824672276055076687374323975530530478859641630147242104574914699264037668189492058168197079
77289490261582791004059411757891158931993533114829562056154191084590670907675042087070908920974864592
82356118783410082930506187331475113838893951894272684242652971999113713360380815574067945152230797277
18328637674575488120078851304145806490121201590477634933411118856333243788997289555939016024895330772
78109349364824868725823359507468636979555238567316772467301846126868087668234654032401814780902865493
41228013305268864869393283532811468535786122468796071435340184962534770487474801679204410356678304708
91670520577387101190978003325300377934150476548614813361820326082588587162867620198711250921921018379
15177929137308116830715529308348211591082768230564809512304289744613798027718463833005058378862308723
48657106432937091126171574815403488354625023268536131752940448070344734986846594868921356314233007109
58940473399719721001552829525035088381148121591625481642335090273784750368194629729205804747121857830
86831956628529118143893968879376810387624119437970431864000808023131139472119272369544952172529260722
88345931522048261781143570152210730483361698774735865571957167840366082164889890745334360256847010152
33587884655740431965490149268466558054826314542572550781187673891041360838433276555527227366776774225
61627461572297183587660602201249247739850681605213537982811796908649864777746182615409335441055949884
24384833442268341087695321219169671478982148373054982479969989082837127738133287177324105526984116855
54966153986707551076525790163781843459194984304405790260470997552175408043131710210023735681729703484
09370361235025764655717009090376772857047443491268866101925614346179251152638183820970341490049565646
46378040737773112424882064880680271811071005486644439918851846394434170131787581752944916578404522608
14148823907319041598144964169167126194301479911881536168106250869154326264970508573695187616690033272
14552837126549002424224298815132262585293666588052326725013052760456530564193872851378224198147012613
37959766520693326225794617331916603927349273957688622594774064659185016520463850124624097149188265564
49709375291771997414841282468194800410368871866034081310618313226562112668613036398883822282478941181
28662502510821011092218104584468901483458748239850297582731982272569211501522723755878465620506939887
83370771255856485874754552333994895750700253255603535092021988814396056370679126924826898777371487108
92960558272137654361724150577620549999088010049360266183863344835585451540304265247759925533391981746
81386724414728031962520458575473582452694998616714360937353511265764746343444325949866727971548575203
39102739908477779498907728886904289956519090406772992965098135325334179874909421272378620966377065823
97810560272621815997211077645904303319115209306599961451694974191565460216052746654178498957899562610
20027770281052968096191520872709949223164415399875497249041818850504952520376238037362510843882157528
46424941929782825629360293546162234212913491037983610861522072460851411787148324136254106150133355249
42404071483905375250947349017342143275820865969464906605881402132181893496123430677317417206750887565
17291264515508780563725004121909915925624105505820934449814085849050323048805862399658606209555495850
60961522488422359473859381630400597846709830392024259544564529928377764936995453073024712471332780515
47241497170422664099444582256003342093120828811765545532058947090818780353411047798691281395318397393
87076767085171570053980865255808153554921056621199840525616453495245565763910236416744982266526794823
32233993187517810283262497339701397458704586689002500727973286251898738974348723081909643099643066644
17911651463037733743692766807340180581212875827191389833937093253196793377526875910014864980464705464
80615615706342136259288818928752820727698329729553544081102521538891612926655623257505917065979757835
50468287577041558279390293873368304128199123369774929817332200469220962370378154808742643145856103759
21697504804250479034313546367795748774488651738848975177149104431171598987141438003569545313711264329
17319568214061645701040187609542840513931064841891114457046196136583180829153791373538985172136532928
89688112175747713089469373486058565548217659777098845928510168911565005772776806126746070138161904273
68211840208814581258534743744918897469692498005488759962505233598801230197098307601913979186644405896
07522331400494354552044347910178166862851744870157817646117308112214956994882704469852025485596553073
84814527447414356911510214789616690738263155608644723765392061873941428805131340172118472917463886834
23840341014128678788198491364975264922619025907415933514440659223211276544206178584453445471739665902
26079179815182422382914809593973352022596725750328738572569476094953199915517304885782915902014395545
18522388273295953587770669931979055836696562041458940090762059361355202315502829439352806945743276134
85064784225270158114834529309907421216047560294100196962531490420894916177918964303858718761520536056
15682236672406740076109907648207243125288116441214097742703597859576227465387984819563995262442184455
04482114781386397649111079923968305322150409883639582883433118691544211967758143083067092827781487869
79504326039473483759702752564776989517272294422875908807876953905735874332517377814675667769394069923
94415496579386878771867361942950602807435412636681788027471527624559480323718856708240941236472723490
58697886171019516987336725704320956620541884926017245266442159676147478920394278527978480541041322984
69307179173421191507220303865935961359875964520926282446919742118709537658821835228422632429978266488
58223046387223856361682422909069756405211103805172386840027467176921317840951882217241294712979750593
47134926507074066140852263740772281559437935701399389613543470290000312157695931644771524711528751518
34969357977650921456403920702678263524322353283919038505262703863140946709053976963402379544886895328
69219146017506107469265491496052715091026610800885244124649236964927667612406999148184777836346629511
31528566966068364599375524556873161972032740251147057420213238077357637906879226980495237732658698336
07070332917817348747401588135585808267502488856660132327629231599076467565685865357108377965239449816
62513774175418778698814452593933280064742499140378922525165053621126580028264240052434497421138460844
71489474174183512222048428722516451969590144073947665560122301019219168170909479725148116589753071696
04654903866611455299602245602405044455312103245900941296612384443184845512273296518038071179458861131
87589766689013840628922170857403087534922383730918439728195407468661765819623867044288117354345951393
82595153834408669829873443733125245119928464880129932218989152696676882174431946259540792425667944549
43181013743578590239837240757494065397458982353418564938143181751267067323324212018085244422736798375
02084306336581544300829482451669060758215260962689911262153675781996187170076873051538882817498739816
48367617938285693780165440738864322036203585296055312147740017468539819707948231487127575828215793923
97048445404782294812511314042900130850121408604372263985663466911825256874311422487348667138783939360
91961462118748941416798880598503988483837959975773280243508800058830826759308738790946955541076722310
65665158850050787849033738860159946557761020385120984346910441589508748674669869762066918792086913919
31730716888161196268452959352461866467612598159222083554127840125992657633514184665178957907362411273
89225077515785934400135494466632610828646382973503631246978936414863622931643135032546090898243222691
08171171176199597052985587663849538957238761680813318790477913422455853803353647646826091041635322589
60284893053752054063349066867577780079874132425295586360877211738343748509004435421711234838544389833
55058612272807063527729091135037560020912118860606813827484744280277449728382822700858746300377810521
35893063267895585145141291579189523521312506547237347578704773784679561199037566496063681692363721257
17385270351906459289383374689102832868842228766624157102895963465178632677235578740754342711673546603
23703354538489261095207866225796359949556770663190627900764228411459072606447081865390774111068694601
70359664627255046673836110754854698743343380521234875477365342539283738925464086866123607653936677730
86777795190181764942784457494060553316730777379133146793350196268402405278705755851304371705629990637
60785011157519401975987171554217664422603499061468153060949831575390598285899806954629635727063311390
03648698052368170332179700339159988600097172065221119497281158129540861086699482330402550906690194552
07025307119843408002059995951454270753254815406443553339749221319844046817764592317216979863931938011
17560719956991469914846095086016900439106971874810967863396291799436640511367344998180647059488548486
23829068064407956532576448751680646941747062102877269304496651096462353145146928974462859535665218525
42799045686228011467039311471901773665619482953414047425860437932661523017626022750788824148149945829
22448366959879237146349137484342880534650203667423674022377268010110392545848595587924401972932405431
27783337808510155111485161327856409125227521256721699769405450609472325529017154776381153967473756763
73910163484340524668561988291547379623071464168668238822234387648958349964615560458535977668971286557
