100
103
106
111
116
123
131
138
148
153
162
175
183
193
207
218
234
252
272
288
307
320
338
353
376
398
413
444
464
482
509
529
558
593
626
659
693
725
754
797
836
868
899
933
979
1028
1065
1102
1152
1187
1238
1281
1325
1369
1425
1461
1511
1547
1596
1662
1706
1755
1801
1847
1895
1955
2016
2064
2121
2170
2227
2301
2372
2427
2481
2530
2616
2662
2720
2771
2832
2904
3002
3096
3171
3245
3295
3389
3477
3555
3651
3725
3803
3872
3975
4097
4186
4301
4385
4481
4569
4654
4758
4893
5040
5134
5248
5368
5482
5584
5701
5780
5924
5999
6131
6259
6405
6540
6666
6789
6890
6994
7148
7304
7410
7551
7676
7755
7870
7976
8123
8273
8407
8586
8732
8862
9041
9188
9354
9464
9682
9768
9965
10059
10238
10402
10568
10718
10899
11063
11299
11499
11725
11925
12119
12236
12436
12526
12735
12849
13061
13177
13296
13421
13660
13928
14094
14295
14474
14701
14940
15139
15401
15614
15783
15932
16045
16230
16530
16651
16896
17079
17249
17418
17671
17823
18090
18351
18474
18743
18875
19202
19484
19698
20038
20294
20670
20928
21146
21303
21470
21796
22188
22435
22575
22831
22999
23347
23748
24112
24454
24702
25132
25415
25705
25990
26155
26508
26811
27200
27476
27803
28110
28422
28880
29231
29661
30008
30483
30755
31055
31313
31662
32158
32589
32903
33335
33604
34040
34502
34889
35307
35475
35787
36154
36571
36903
37368
37873
38226
38671
39222
39473
39997
40506
40669
41161
41781
42135
42389
42830
43357
43896
44477
44809
45234
45552
45940
46521
46819
47432
47639
47999
48304
48918
49099
49445
49944
50236
50840
51484
51796
52096
52811
53206
53696
54243
54805
55094
55787
56275
56840
57320
57893
58181
58670
59120
59790
60287
60498
60931
61739
62521
63304
64086
64347
64729
65203
65556
66297
67131
67414
67686
68317
68838
69653
70412
70858
71628
72433
73245
73898
74125
74871
75052
75442
76240
77127
77501
77912
78591
79510
79920
80261
81125
81747
82559
83113
84240
85243
86072
87139
88120
89136
89705
90322
90774
91515
91977
92455
93107
93740
94275
94657
95159
96005
97060
97718
98794
100017
100893
101270
101541
102309
103432
104599
105411
106657
107468
108476
109461
110639
111760
112927
113283
114375
114700
115204
115551
115962
116757
117604
118869
119842
120179
120854
121548
122917
123801
124890
125616
126595
127166
128645
129479
130060
131556
133038
134136
134659
135531
136239
137750
138570
138902
139254
140982
142333
143454
144881
145385
146005
147174
147786
149205
149851
150406
151860
153135
154221
155146
155790
157210
158007
158940
160037
161860
162841
163185
164353
164976
166424
168320
169111
169738
171658
173690
175539
176390
178182
180095
181243
183222
184850
185592
186667
187782
188185
190058
191213
193375
195017
195692
197727
198727
200655
202596
204275
205396
206099
207209
208458
209076
209370
210569
212898
213651
214266
215915
216886
217208
219406
220323
220852
222708
224892
225472
227917
230157
231545
233198
234012
234924
237377
239982
242565
244635
246127
246989
249384
251947
252644
254846
255274
255930
258190
259984
260746
262026
264123
