90
930
790
800
440
280
310
820
0
600
140
610
10
750
700
690
530
290
80
100
520
70
330
840
620
510
140
590
900
810
370
760
780
160
860
750
270
570
60
80
230
770
160
520
870
430
790
750
410
790
600
810
290
700
690
510
830
650
150
570
200
670
550
480
560
140
70
340
930
410
150
180
990
610
150
630
20
920
670
900
80
610
520
700
170
890
780
710
650
470
20
10
540
460
370
260
410
360
250
830
950
60
820
420
580
800
540
910
730
880
210
580
420
680
380
680
110
590
740
300
660
670
140
180
870
440
840
60
690
880
750
130
380
540
110
890
260
410
960
900
370
750
750
720
250
130
480
780
390
820
550
550
1000
