8960335164867978647285126
7342263295969520804545142
1325647796998912064464768
6017178434151808848071424
7569686799897434565532611
0521692723789049155834444
8945859808933592817487239
0412669613658280163944688
6545706535045444345923032
4183442916856077072107206
3771556075006902676166992
3699889061673924304565836
8193650747672308625279341
1932885139892389079752250
0416226172724294706736254
8731404627001334286785449
0868423675028369881705804
7765124877525408721836831
3239023965864450753748545
6376784366647389534252689
2069984548566390957627990
9914092175773372387248730
5070632098633162226295821
5994972510897209587565001
6243838266396964044378471